    64 32 16  8  4  2  1
14            1  1  1  0 *
28         1  1  1  0  0 *
56      1  1  1  0  0  0 *
98   1  1  0  0  0  1  0  
42      1  0  1  0  1  0
84   1  0  1  0  1  0  0
70   1  0  0  0  1  1  0

140
133



119  1  1  1  0  1  1  1
105  1  1  0  1  0  0  1
91   1  0  1  1  0  1  1
77   1  0  0  1  1  0  1
63      1  1  1  1  1  1
49      1  1  0  0  0  1
35      1  0  0  0  1  1 
21         1  0  1  0  1
07               1  1  1 *

4
(0|(10|111*0)(10|111*0)*0)*
5
(0|1((10)*(0|11)(01*01)*01*00)*(10)*(0|11)(01*01)*1)*
6
(0|(11|1(00|011*0)(00|011*0)*1)(11|1(00|011*0)(00|011*0)*1)*0)*
7
(0|(111|11))
(111|110|101)


0
|\
0 1
  | \
  2  3
  |\ |\
  4 56 0
  |\|\|\
  1 23456
111 101001110001 10001001
111 10110010010110001110011

1110*
10101
110001
100101
1011011
1001101

any pervious combo + 0


111111
111
110001
1011011
10101
1001101
100101

101010
1010100
1000110
1100010

1110
11100
111000